108 2086.96
107 4000.00
106 3692.31
105 1170.73
104 1655.17
103 1043.48
102 3000.00
101 2823.53
100 2666.67
99 2526.32
98 1170.73
97 2181.82
96 2086.96
95 2000.00
94 1846.15
93 1777.78
92 1655.17
91 1548.39
90 1500.00
89 1411.76
88 1333.33
87 1230.77
86 1170.73
85 1116.28
84 1043.48
83 1000.00
82 941.18
81 888.89
80 827.59
79 786.89
78 738.46
77 695.65
76 657.53
75 623.38
74 585.37
73 551.72
72 521.74
71 494.85
70 466.02
69 440.37
68 417.39
67 393.44
66 369.23
65 350.36
64 328.77
63 311.69
62 294.48
61 277.46
60 262.30
59 247.42
58 234.15
57 220.18
56 207.79
55 196.72
54 185.33
53 175.18
52 164.95
51 155.84
50 147.24
49 138.73
48 131.15
47 123.71
46 117.07
45 110.60
44 104.35
43 98.36
42 92.84
41 87.75
40 82.62
39 77.92
38 73.62
37 69.46
36 65.57
35 61.94
34 58.47
33 55.17
32 52.12
31 49.18
30 46.42
29 43.80
28 41.34
27 39.02
26 36.84
25 34.76
24 32.81
