108 4188.00
107 3954.00
106 3730.46
105 3522.00
104 3324.00
103 3138.00
102 2961.39
101 2795.06
100 2638.00
99 2490.00
98 2350.00
97 2218.00
96 2094.00
95 1976.00
94 1864.61
93 1760.19
92 1661.09
91 1568.16
90 1480.08
89 1397.15
88 1318.00
87 1244.00
86 1174.00
85 1108.00
84 1046.00
83 988.00
82 932.00
81 880.00
80 830.00
79 784.00
78 740.00
77 698.00
76 659.20
75 622.32
74 587.39
73 554.50
72 523.29
71 493.95
70 466.00
69 440.00
68 416.00
67 392.00
66 370.00
65 349.39
64 329.76
63 311.25
62 293.85
61 277.77
60 262.00
59 247.49
58 233.62
57 220.00
56 208.00
55 196.36
54 185.34
53 174.98
52 165.04
51 155.78
50 147.03
49 138.85
48 131.05
47 123.71
46 117.07
45 110.00
44 104.00
43 98.00
42 92.93
41 87.72
40 82.56
39 77.94
38 73.57
37 69.50
36 65.60
35 61.93
34 58.47
33 55.19
32 52.09
31 49.16
30 46.40
29 43.79
28 41.33
27 39.01
26 36.83
25 34.76
24 32.81
