108 4188.00
107 3954.00
106 3732.00
105 3522.00
104 3324.00
103 3138.00
102 2962.00
101 2796.00
100 2638.00
99 2490.00
98 2350.00
97 2218.00
96 2094.00
95 1976.00
94 1864.00
93 1758.00
92 1660.00
91 1566.00
90 1478.00
89 1396.00
88 1318.00
87 1244.00
86 1174.00
85 1108.00
84 1046.00
83 988.00
82 932.00
81 880.00
80 830.00
79 784.00
78 740.00
77 698.00
76 660.00
75 622.00
74 588.00
73 554.00
72 524.00
71 494.00
70 466.00
69 440.00
68 416.00
67 392.00
66 370.00
65 350.00
64 330.00
63 312.00
62 294.00
61 278.00
60 262.00
59 248.00
58 234.00
57 220.00
56 208.00
55 392.00
54 370.00
53 350.00
52 164.00
51 156.00
50 146.00
49 138.00
48 130.00
47 124.00
46 118.00
45 110.00
44 104.00
43 98.00
42 92.00
41 88.00
40 248.00
39 234.00
38 220.00
37 138.00
36 130.00
35 124.00
34 116.00
33 110.00
32 104.00
31 98.00
30 92.00
29 88.00
28 82.00
27 78.00
26 74.00
25 70.00
24 66.00
