108 4188.61
107 3953.54
106 3731.62
105 3522.25
104 3324.49
103 3137.92
102 2961.83
101 2795.74
100 2640.63
99 2492.45
98 2352.45
97 2220.50
96 2095.77
95 1978.13
94 1864.04
93 1759.43
92 1660.70
91 1567.48
90 1479.50
89 1396.47
88 1318.69
87 1244.70
86 1174.89
85 1108.87
84 1046.81
83 988.24
82 932.42
81 880.16
80 830.09
79 784.18
78 739.60
77 698.09
76 658.93
75 621.94
74 587.04
73 554.10
72 523.00
71 493.64
70 466.46
69 440.28
68 415.56
67 391.84
66 369.84
65 349.09
64 329.35
63 310.88
62 293.43
61 277.52
60 261.96
59 247.25
58 233.39
57 220.29
56 207.93
55 196.13
54 185.12
53 174.73
52 164.72
51 155.58
50 146.83
49 138.38
48 130.61
47 123.28
46 116.82
45 110.27
44 104.08
43 98.24
42 92.73
41 87.53
40 82.32
39 77.68
38 73.33
37 69.23
36 65.34
35 61.68
34 58.28
33 55.01
32 51.92
31 48.96
30 46.16
29 43.66
28 41.14
27 38.88
26 36.68
25 34.56
24 32.69
